camera_matrix:
- - 13864.214858508434
  - 0.0
  - 1295.5664731637562
- - 0.0
  - 13771.66335921056
  - 1935.2046940245525
- - 0.0
  - 0.0
  - 1.0
distortion_coefficients:
- - -0.16836680984353153
  - -2.0062407802804643
  - -0.015126053097133945
  - -0.0006995692624209815
  - 67.64930823244049
rotation_vectors:
- - - 0.13786314507720845
  - - 0.09375928743397671
  - - 0.010799983521147766
- - - 0.14507614774400046
  - - 0.05172256736088252
  - - 0.005054832115157722
- - - 0.15885588470399206
  - - 0.042654526985069746
  - - 0.023575825457080323
- - - 0.15090386332280495
  - - 0.045035441582588785
  - - 0.004782139654128588
- - - 0.1555438271035928
  - - 0.0430516829876469
  - - -0.008363276161968889
- - - 0.1571845063391855
  - - 0.04324715875166792
  - - -0.010846766236930263
- - - 0.1546350102875914
  - - 0.05779510480656037
  - - -0.020134212671052486
- - - 0.16072475067589942
  - - 0.050417357704622606
  - - -0.0394533655294661
- - - 0.15835332015412107
  - - 0.044486061220235136
  - - -0.013132682977378296
- - - 0.15639021812787823
  - - 0.0495076998996301
  - - -0.043970753241987626
- - - 0.13844707706562645
  - - 0.03813027264603621
  - - 0.00406351924505029
- - - 0.14490304083785735
  - - 0.03727732600208853
  - - 0.006499774221058082
- - - 0.14793252153214048
  - - 0.042642479279407224
  - - 0.005321307641353251
- - - 0.13366707433268818
  - - 0.029608507193591115
  - - 0.006029071262218658
- - - 0.09997460964673104
  - - 0.016506070378273768
  - - -0.007565176886545212
- - - 0.07850222952365442
  - - 0.0002291288363478497
  - - -0.004137006449166753
- - - 0.07616202372882908
  - - -0.004019284328300092
  - - -0.007912336426708003
- - - 0.12172954426359345
  - - -0.005201760530260756
  - - -0.01467938151598075
translation_vectors:
- - - -0.18717584676544743
  - - -0.25886282305626696
  - - 1.7905102643137532
- - - -0.13415041144547207
  - - -0.2730814764533848
  - - 1.7877232956892768
- - - -0.06508975486817345
  - - -0.27939963175319277
  - - 1.7821278231796278
- - - -0.017336664619846058
  - - -0.2543158012002498
  - - 1.7874317847735597
- - - -0.00842900623737776
  - - -0.25369433328110574
  - - 1.7858109963030662
- - - 0.00013029951187608086
  - - -0.20727578209905095
  - - 1.7945819189570529
- - - 0.008242730059492593
  - - -0.1371464640752033
  - - 1.8096736644775613
- - - -0.06423235351769793
  - - -0.11846330768686361
  - - 1.8172133094321914
- - - -0.11094753938875279
  - - -0.11446957947629624
  - - 1.8203229976183701
- - - -0.1868145140080093
  - - -0.11053542418997586
  - - 1.8236107101714676
- - - -0.1945201788718838
  - - -0.17205451662537274
  - - 1.8120626310918777
- - - -0.16782169492866983
  - - -0.17424911448865996
  - - 1.8096432182739979
- - - -0.07547437241965625
  - - -0.18196264560511874
  - - 1.8044740350302313
- - - -0.016620158006544816
  - - -0.17647190597790438
  - - 1.8056693294883073
- - - -0.007945976103267555
  - - -0.14659380117965456
  - - 1.8143496201713551
- - - -0.011174092490358313
  - - -0.19583375435388756
  - - 1.8033285343418308
- - - -0.01293517733022196
  - - -0.24013712390315703
  - - 1.7934207720508117
- - - -0.14010177217436753
  - - -0.24026886754088672
  - - 1.7929013376224205
