camera_matrix:
- - 6957.239541647285
  - 0.0
  - 1544.570910007064
- - 0.0
  - 6946.402727173888
  - 930.6890960443611
- - 0.0
  - 0.0
  - 1.0
distortion_coefficients:
- - -0.03933671668301035
  - 0.44172154760839094
  - -0.004181340410456038
  - -0.00016406882754556258
  - -9.568369686666665
rotation_vectors:
- - - -0.04586963174960642
  - - -0.009153473241715818
  - - -0.0020604325549665
- - - -0.047258666596958245
  - - -0.007034827750895596
  - - -0.014501531188958324
- - - -0.045218622095827235
  - - -0.009260745399738275
  - - -0.018785386902815514
- - - -0.04371214773421314
  - - -0.008816259008951034
  - - -0.024380267292975072
- - - -0.0416218461006716
  - - -0.008764504869910351
  - - -0.003934090524072637
- - - -0.04194900018216757
  - - -0.008293638354493005
  - - -0.00898360756207527
- - - -0.044526010525109606
  - - -0.00960521473043682
  - - -0.0009885616014515062
- - - -0.04528013522578642
  - - -0.008681438077216672
  - - -0.013792889388512416
- - - -0.04652610218749496
  - - -0.007664248482453642
  - - 0.0048264378666608605
- - - -0.04710826116290962
  - - -0.007383473588989346
  - - -0.004703507856958981
- - - -0.04783265586294507
  - - 0.5273136184242255
  - - 0.002139125029959868
- - - -0.043045218808031596
  - - 0.4884106506771512
  - - -0.01432092940914904
- - - -0.06677189234065231
  - - 0.5035492536112659
  - - 0.06638714004799616
- - - -0.04670092977815927
  - - -0.5289180410324973
  - - -0.017807245441413145
- - - -0.04445197797923783
  - - -0.46781551631896445
  - - -0.010630207711157658
- - - -0.04445944168886577
  - - -0.39080679905427823
  - - -0.011663074721576525
- - - -0.04544238377966018
  - - -0.008589005400011812
  - - 0.015832878084406126
- - - -0.04725065647943161
  - - -0.0049350277526983245
  - - 0.1730234949812612
- - - -0.044764743630088526
  - - -0.010720408688892338
  - - -0.1046784302979664
- - - -0.046227615916188465
  - - -0.00689163443482343
  - - 0.03598775172279765
- - - -0.04313502136193326
  - - -0.009337932330911606
  - - -0.011566085534520697
translation_vectors:
- - - -0.24363766073826068
  - - -0.13361213402642533
  - - 1.2754814435324084
- - - -0.3225800162152418
  - - -0.174162229235483
  - - 1.2777182936105091
- - - -0.20362485842875755
  - - -0.18079111099175027
  - - 1.277733723642769
- - - -0.1505061986843162
  - - -0.1645825616767598
  - - 1.2771291251569585
- - - -0.10622129273240387
  - - -0.10755099809164531
  - - 1.2742003295522422
- - - -0.10521617628478473
  - - -0.11643916618102242
  - - 1.2748285713536365
- - - -0.18277472026959304
  - - -0.11787352550337102
  - - 1.2746577633793725
- - - -0.2519449502130281
  - - -0.11841466832704194
  - - 1.2748160135612614
- - - -0.29722125575908703
  - - -0.12074139493875564
  - - 1.2749974354209272
- - - -0.3195825816213154
  - - -0.13839194289608236
  - - 1.2758343763974072
- - - -0.3177874888756597
  - - -0.1303543365444169
  - - 1.2652438032254039
- - - -0.3349306143739782
  - - -0.16531410006949057
  - - 1.2673731020380556
- - - -0.29677240393253274
  - - -0.1047040539431275
  - - 1.2644827677903885
- - - -0.14161950581688199
  - - -0.12413592014288721
  - - 1.0265385549160615
- - - -0.16131383629913973
  - - -0.11725586421930552
  - - 1.0530585660023182
- - - -0.17699491352004848
  - - -0.11715407956272492
  - - 1.0883672960759845
- - - -0.1877515340639105
  - - -0.17926369236708667
  - - 1.2776521456212462
- - - -0.16746587024060436
  - - -0.23122179061915693
  - - 1.2804745586350395
- - - -0.26055987525403196
  - - -0.10347956542754554
  - - 1.273990953975424
- - - -0.2911836860111341
  - - -0.12278158785454985
  - - 1.275071715940183
- - - -0.15667950031162733
  - - -0.1335512919593948
  - - 1.2753377222989322
