camera_matrix:
- - 10182.230426198239
  - 0.0
  - 1970.6866820288255
- - 0.0
  - 10060.85835025646
  - 552.0742452215209
- - 0.0
  - 0.0
  - 1.0
distortion_coefficients:
- - -1.3405673916441678
  - -1.8444845308283768
  - 0.06481468439560184
  - -0.0032957366877731306
  - 43.95948707478775
rotation_vectors:
- - - 0.037738527240935085
  - - 0.24721228032442283
  - - 3.1276530273172805
- - - 0.027801397927475963
  - - 0.2517556172047996
  - - 3.04843600627839
- - - -0.1283497088291659
  - - -0.2302916050805911
  - - -3.1303786682953816
- - - -0.0740908756000856
  - - -0.21418843533489035
  - - -3.077160666963329
- - - 0.01136636881941959
  - - 0.20284333869377338
  - - 3.0734983203759345
- - - 0.014454973039575703
  - - -0.17179546838162377
  - - -3.116246557152188
- - - 0.1156804850954164
  - - -0.21500323207986963
  - - -3.1200355212681603
- - - -0.17143295144214504
  - - 0.1766383734256518
  - - 3.1159456403328454
- - - 0.11233268908737662
  - - -0.11749454130130925
  - - -3.128021473167158
- - - -0.01726865974058365
  - - -0.195478303838653
  - - -3.1042604762900714
- - - -0.06641374289224793
  - - -0.21278722113336115
  - - -3.1236905452492176
- - - -0.09699398717383796
  - - -0.20281108593561198
  - - -3.0956960929468638
- - - -0.08008657769055233
  - - -0.2007249507286806
  - - -3.0207024185889715
- - - -0.02191540484925716
  - - -0.15788740117421088
  - - -3.0632732773078577
- - - -0.048438306501690225
  - - 0.11585360575366666
  - - 3.1086605803174505
- - - -0.009088159118526937
  - - -0.1527960414899595
  - - -3.054596827885553
- - - -0.06343523852612931
  - - -0.19112552411591613
  - - -3.0868903613318324
- - - -0.13696895299464193
  - - -0.18612522332335651
  - - -3.053393803793916
- - - 0.11064375093071337
  - - -0.21349278723760806
  - - -3.127978833361885
translation_vectors:
- - - 0.10430499736098574
  - - 0.09583568603685907
  - - 0.9687997751957247
- - - 0.11806485872361254
  - - 0.13071445533578854
  - - 0.9625706887870529
- - - 0.026518138911009008
  - - 0.12829564094378118
  - - 0.9596174794826026
- - - 0.058868922343332714
  - - 0.14332770025632977
  - - 0.960051999648097
- - - 0.1213191902599946
  - - 0.13186822031701173
  - - 0.9654132881532121
- - - 0.1492583668406348
  - - 0.14233352928089268
  - - 0.9672458257490127
- - - 0.18058388673189396
  - - 0.13466722954416221
  - - 0.978093511930946
- - - 0.20618083332391346
  - - 0.14010583755495323
  - - 0.9799165498642125
- - - 0.17921802967437978
  - - 0.170240750147838
  - - 0.9702811669064183
- - - 0.12072354670053351
  - - 0.17412838125779884
  - - 0.9595251035279719
- - - 0.06032372927352367
  - - 0.15781643453382932
  - - 0.9583612524628166
- - - 0.033832002071662044
  - - 0.1575129719391868
  - - 0.9579368540197353
- - - 0.03386285886674032
  - - 0.07952587374320207
  - - 0.9707270693242945
- - - 0.10288943479923486
  - - 0.07220643288081197
  - - 0.9753555984223894
- - - 0.16838281733344232
  - - 0.03717412601631574
  - - 0.9879123802864751
- - - 0.12324880084721959
  - - 0.11777639840821721
  - - 0.9689145442199887
- - - 0.04061583214139569
  - - 0.10444393821282659
  - - 0.9673409130554664
- - - -0.0051012752823164685
  - - 0.10112028806953767
  - - 0.9661150357410471
- - - 0.20409199769468064
  - - 0.08876283087353687
  - - 0.9868409839598381
