camera_matrix:
- - 29926.766019307714
  - 0.0
  - 1839.1598047643342
- - 0.0
  - 29640.89154737539
  - 1079.7250950376003
- - 0.0
  - 0.0
  - 1.0
distortion_coefficients:
- - -11.14097032541674
- - -8.988918360915847
- - 0.08975512785068046
- - 0.007091349287136727
- - -0.3259642739028414
rotation_vectors:
- - - -0.10450096527785036
  - - 0.04883245055476985
  - - 0.008246374782544886
- - - -0.133524210927148
  - - 0.09832840375237038
  - - -0.025055329015945704
- - - -0.1591922356243271
  - - 0.023525683390909026
  - - -0.07908338132914523
- - - -0.21089914454140735
  - - -0.011605613789629706
  - - -0.12742544393758706
- - - -0.16569164184003998
  - - -0.030101402247577836
  - - -0.023682113147471404
- - - -0.19563334507998728
  - - -0.04859719137839471
  - - -0.07486945883875411
- - - -0.15022074015399875
  - - -0.059595502023359434
  - - -0.08235146367772354
- - - -0.059581824071210474
  - - -0.12971442074011724
  - - -0.0013272165334769397
- - - 0.050832740593503935
  - - 0.05486377249123417
  - - -0.01662835980141103
- - - 0.08082293582652325
  - - 0.04732534747793113
  - - 0.008762399281346119
- - - 0.06731291982534991
  - - 0.04000717422261868
  - - -0.0018566434827882142
- - - 0.03706810225952591
  - - 0.018920615259036492
  - - -0.06544777939816866
- - - -0.05071211121021087
  - - 0.07264598021032682
  - - -0.048421324271891386
- - - -0.005962149380603933
  - - -0.11009355601672681
  - - 0.048696708109815204
- - - -0.00039853944437273593
  - - -0.06842559982122602
  - - 0.03306241659392639
- - - 0.045289850425086216
  - - 0.09517226316456424
  - - 0.12160086299597446
translation_vectors:
- - - -0.21815169781155547
  - - -0.054174689813654954
  - - 2.801317108593709
- - - -0.1691763938872277
  - - -0.05602794685523984
  - - 2.7464345268551407
- - - -0.1252755267647623
  - - -0.05813645438875157
  - - 2.781619737885608
- - - -0.07136318319407621
  - - -0.03972046321526595
  - - 2.729075106161287
- - - -0.030012396886238045
  - - -0.025546878470141532
  - - 2.7269439217594034
- - - -0.033625547358071606
  - - -0.07922771177325318
  - - 2.718679958963665
- - - -0.05214160125818225
  - - -0.13630306192334682
  - - 2.8236763925361736
- - - -0.13083228120179066
  - - -0.18329688205113445
  - - 2.8371399719404815
- - - -0.1725662564487324
  - - -0.14133588635129607
  - - 2.8658757307651195
- - - -0.2086225499121676
  - - -0.09061320092349659
  - - 2.8417892593636283
- - - -0.2176137681698818
  - - -0.050992179439724075
  - - 2.839319706033316
- - - -0.17718314791394876
  - - -0.01903467718863651
  - - 2.8288148195115337
- - - -0.11992662329890484
  - - -0.057197701833018776
  - - 2.8324222664812257
- - - -0.06372866487675444
  - - -0.08553324802362049
  - - 2.8259104195832294
- - - -0.023697321821282175
  - - -0.0668675346365941
  - - 2.7866375091982807
- - - -0.18271180166503564
  - - -0.0807369459511731
  - - 2.8463107844045465
