camera_matrix:
- - 4505.164156448017
  - 0.0
  - 1922.747006812584
- - 0.0
  - 4503.228536414233
  - 1013.8677667028304
- - 0.0
  - 0.0
  - 1.0
distortion_coefficients:
- - -0.44126239456921335
- - 0.4241501529953633
- - -0.001394909725956908
- - -0.0012177443635029092
- - -0.4661859245783404
rotation_vectors:
- - - -0.39642940383075026
  - - 0.02708785561602601
  - - -0.005160472753153694
- - - -0.3272638668244449
  - - 0.06497646742906746
  - - 0.033023023937041165
- - - -0.27057468400287904
  - - 0.1535550526264645
  - - 0.04076098407700939
- - - -0.2600834156178677
  - - 0.16524577666675658
  - - 0.02170318018196039
- - - -0.3409093523101154
  - - 0.10615702393822876
  - - -0.020057783936537097
- - - -0.3541015410403854
  - - 0.5209697744733797
  - - -0.17767273245479318
- - - -1.1104010229749923
  - - 0.22860597244348282
  - - 0.04310765724417927
- - - -1.1152728062432637
  - - 0.18476995583780148
  - - 0.05152136512920618
- - - -1.0548677357490484
  - - 0.1678824213230348
  - - 0.09240681164856683
- - - -0.9898851329177335
  - - 0.18896104958242552
  - - 0.10676525716687431
- - - -1.002475978843531
  - - 0.1897148653477484
  - - 0.105681361446246
- - - -1.0002713332620636
  - - 0.1770444982026707
  - - 0.09572327330730324
- - - -0.9461537879329461
  - - 0.19419418465579627
  - - 0.035997604196253086
- - - -0.477013233521517
  - - 0.5670148480365245
  - - -0.22715766653187056
- - - -0.4128325141834996
  - - -0.707406079502615
  - - -0.06425288264045315
- - - -0.20644186249459978
  - - -0.501896818108705
  - - -0.23506507363225299
- - - -0.4646915467089287
  - - 0.22712166113632742
  - - 0.049127924033580836
- - - -0.4244936233823134
  - - 0.13022273218960936
  - - 0.026240650298643434
- - - -0.36509833713650197
  - - 0.1276574338665887
  - - -0.02074855041076425
translation_vectors:
- - - -0.16197073944520157
  - - -0.06655445408752023
  - - 0.44340085171788485
- - - -0.07662966831830909
  - - -0.07045396472098976
  - - 0.42778866358169
- - - -0.0421649304748493
  - - -0.1227719745738344
  - - 0.4676670212289408
- - - -0.1989172160497382
  - - -0.12615149909045922
  - - 0.4555985422162406
- - - -0.1894375728125272
  - - -0.02393934979026302
  - - 0.4215034607002462
- - - -0.21193918123658273
  - - -0.04281217255550956
  - - 0.4659006279919438
- - - -0.1553749123691495
  - - 0.030303904554231043
  - - 0.4740043061180045
- - - -0.0642509394652639
  - - 0.024710383787875816
  - - 0.48084877050807284
- - - -0.04603654309388418
  - - -0.03000035357287105
  - - 0.48293342638144215
- - - -0.06283723185874802
  - - -0.0937783041666249
  - - 0.49436718314468114
- - - -0.06698985166351569
  - - -0.1159267051828443
  - - 0.4943618503072804
- - - -0.1366418018580413
  - - -0.11513358011581738
  - - 0.4860782039650536
- - - -0.20797797371733143
  - - -0.12309993191648369
  - - 0.46949849136528315
- - - -0.20215005426128188
  - - -0.026753006054356376
  - - 0.4739022888438103
- - - -0.0018413975691341726
  - - -0.09019061086633723
  - - 0.33896809931709815
- - - -0.021973595104547165
  - - -0.02537493828954271
  - - 0.33038081027749605
- - - -0.18609006692054125
  - - -0.011559991501599772
  - - 0.4404269481857833
- - - -0.024680990247674346
  - - -0.11493764062121886
  - - 0.45029667154940656
- - - -0.2142129174092529
  - - -0.11026943377460584
  - - 0.4176623575444199
