camera_matrix:
- - 8626.847577428525
  - 0.0
  - 1659.8973641838177
- - 0.0
  - 8630.915373277401
  - 1270.0610334826663
- - 0.0
  - 0.0
  - 1.0
distortion_coefficients:
- - -0.8901823971828541
- - -0.37995625146988166
- - -0.014235097855219855
- - 0.017648273225619317
- - 2.7991266505016625
rotation_vectors:
- - - 0.02969829181176602
  - - 0.12309517189493095
  - - -0.07736752126676502
- - - 0.1452676505739119
  - - 0.3593868987249223
  - - -0.12240441814982599
- - - 0.707710447293399
  - - 0.04701777115141612
  - - -0.14778130631863454
- - - 0.09295492745475294
  - - 0.8413795623625262
  - - -0.045721915257415945
- - - 0.15949940265068296
  - - -0.5835275270824916
  - - -0.1558420994524232
- - - 0.8776514527122214
  - - -0.2543825739826283
  - - -0.06307969315979357
- - - -0.011352065691005754
  - - 0.15474402173564525
  - - -0.24194056159510482
translation_vectors:
- - - -0.16070244911480974
  - - -0.08870746535480316
  - - 0.7248705858150767
- - - -0.08288782148389345
  - - -0.10461639321756112
  - - 0.72410149969654
- - - -0.10434368710074139
  - - -0.05039517279547837
  - - 0.6505221676888063
- - - -0.17405160774429648
  - - -0.09386038346758502
  - - 0.7550869779502861
- - - 0.008415795914871071
  - - -0.0816379742107423
  - - 0.6127513457139265
- - - 0.017642159979130823
  - - -0.02219644508674655
  - - 0.5179863784982698
- - - -0.09345013581183319
  - - -0.08333124681406437
  - - 0.6285503017528482
