camera_matrix:
- - 5282.2175355578
  - 0.0
  - 2010.6166416174965
- - 0.0
  - 5279.287926120857
  - 957.2793039421289
- - 0.0
  - 0.0
  - 1.0
distortion_coefficients:
- - -0.4888766376048579
- - 0.41514055535885624
- - 0.0006961473784737892
- - -0.0036004997810737873
- - -0.5857421798598343
rotation_vectors:
- - - -0.3330314893373263
  - - 0.21208024840860537
  - - 3.0044538192524137
- - - -0.3339681751999237
  - - 0.2101327794801567
  - - 3.0046168241288487
- - - 0.19795136973770416
  - - 0.21263728222291006
  - - 0.0037206132342322636
- - - -0.9398762019369722
  - - 0.061940460926349875
  - - -0.09203674909645296
- - - -0.5270979432850558
  - - -0.1478704717736299
  - - -0.1505723320950297
- - - -0.16567553845539043
  - - -0.8001535788602733
  - - -0.12236710399977668
- - - -0.179789223092471
  - - -0.5470278581880477
  - - -0.12140822640511661
- - - -0.7607335189160956
  - - -0.11520309932777133
  - - -0.13044580526774177
- - - -0.8398582401992175
  - - 0.0176407966817504
  - - -0.23229198719885422
- - - -0.19141179501394945
  - - 0.6822630864002991
  - - -0.00027750002566600206
- - - -0.4328240432673156
  - - 0.640412120196184
  - - 0.12956926451290793
- - - -0.16938085360770935
  - - 0.44194251664641043
  - - -0.13472628782278093
- - - -0.2841310653451346
  - - -0.39352372973824584
  - - -0.14761548502089472
- - - -0.17363831853743492
  - - -0.7641294612252354
  - - -0.184785582324388
- - - -0.16482076290121342
  - - -0.23672372711058579
  - - -0.05916064038583106
- - - 0.042454460103975314
  - - -0.10144490770961893
  - - -0.014500327460170416
- - - -0.6540555205859099
  - - -0.32178693480178594
  - - -0.2279832012831577
- - - 0.03415064604095003
  - - -0.15679882452501567
  - - -0.17938303833635794
translation_vectors:
- - - 0.006820867587766129
  - - 0.10704350356308669
  - - 0.8966793658737504
- - - 0.006795232545239831
  - - 0.10706048516268454
  - - 0.896786182956378
- - - -0.2302406468597145
  - - -0.055684400746535655
  - - 0.4956366555055341
- - - -0.20236581851208413
  - - 0.02429665330843317
  - - 0.6469499535818286
- - - -0.0470955324498732
  - - -0.019015870693381384
  - - 0.6057668923833445
- - - -0.0020782459080937636
  - - -0.0614774301955074
  - - 0.4785632362500436
- - - -0.03779665967661414
  - - -0.055844533482247966
  - - 0.48812444684302014
- - - -0.10538293923275624
  - - -0.07593484926801078
  - - 0.5645759397235616
- - - -0.22027754700312344
  - - -0.08619597284864251
  - - 0.5982291386082689
- - - -0.22513694984174082
  - - -0.07027976099592104
  - - 0.5533443405820692
- - - -0.2293061952033971
  - - -0.0869545310861636
  - - 0.5735340305203744
- - - -0.2590983357334622
  - - -0.014339787865762703
  - - 0.5380784020494375
- - - -0.2396692660668453
  - - -0.031589347581828776
  - - 0.4895968620591455
- - - -0.10352773461445688
  - - -0.035753315962690574
  - - 0.42743364038824255
- - - -0.15588782959136144
  - - -0.045147715669845906
  - - 0.43792764154883984
- - - -0.08478673077122852
  - - -0.0664318527401501
  - - 0.4940787358086809
- - - -0.1927508347214167
  - - -0.0585722447982914
  - - 0.5833626229567848
- - - -0.22155605604445916
  - - -0.04562648223570271
  - - 0.4681699761972112
